# As_1e9 ns H0 omegab omegam LSST_DZ_S1 LSST_DZ_S2 LSST_DZ_S3 LSST_DZ_S4 LSST_DZ_S5 LSST_A1_1 LSST_A1_2 LSST_M1 LSST_M2 LSST_M3 LSST_M4 LSST_M5
6.750319238345857398e-02 5.289377591433449578e-03 -1.643804543725740919e+00 -1.521434411344379026e-03 -7.612555951805468442e-04 6.030511518217432266e-06 -6.902100121395944142e-06 -1.161225832622491816e-05 2.250531946036182218e-06 -8.004141262038091194e-06 -4.912243968238239750e-03 -3.763115754233493926e-02 8.832884337012057510e-06 3.938216390893810551e-06 -1.850792026390040343e-05 3.162796080007343388e-05 -8.365431879931666643e-05
5.289377591433449578e-03 6.602869558648423020e-04 -1.647173554819839625e-01 -1.053043547452838278e-04 5.936296292404291621e-05 -1.183945705715517630e-06 -3.099370586155694979e-06 -3.836587887380950987e-06 -6.287693499652335421e-07 9.098403189854180024e-07 -2.563059954590250537e-06 -1.354810504831862206e-03 -3.261912970798746872e-06 -9.626927694152144884e-06 -6.598501018602202838e-06 4.471105214631662137e-07 2.347025520054915994e-05
-1.643804543725740919e+00 -1.647173554819839625e-01 6.426560834798807775e+01 6.206142730296885374e-02 -2.287899399778448029e-02 6.563778666402596447e-04 1.227829786504598588e-03 4.552769278174071147e-04 -7.909344104595516557e-05 -1.868872363442045440e-04 4.219698135154558577e-02 1.685776969325658015e-01 1.303262412900989351e-03 1.023428545308441469e-03 2.131811555886090580e-03 -1.210695079154125035e-04 -3.721705409600576612e-03
-1.521434411344379026e-03 -1.053043547452838278e-04 6.206142730296885374e-02 1.034572181279670732e-04 3.423308770632120523e-05 3.644061893826313693e-07 4.743169335202034515e-07 -1.017350212475898489e-06 -3.455833692624773985e-07 -2.692533365140150985e-07 5.864177984397433914e-05 1.298282551700268364e-04 -2.795647606400411289e-07 -2.586141146562162290e-06 -1.121297996171530417e-06 -2.350306083163453125e-06 4.019553780050723792e-06
-7.612555951805468442e-04 5.936296292404291621e-05 -2.287899399778448029e-02 3.423308770632120523e-05 1.773788912262485164e-04 -1.535905785264977003e-06 -3.138835198028130294e-06 -3.028129889705605727e-06 1.313594556108577297e-07 5.847048547891889814e-07 2.311663531220626666e-04 1.978056027783372996e-03 -5.354132272660059189e-06 -6.783397372662751112e-06 -7.594754578659565802e-06 -6.867061109823434744e-06 2.075524896544894482e-05
6.030511518217434807e-06 -1.183945705715517630e-06 6.563778666402596447e-04 3.644061893826312105e-07 -1.535905785264977003e-06 3.874610481812469280e-06 1.507303216898902833e-07 -9.226622544134718824e-08 -1.278780185073577414e-07 2.515933365881889194e-08 -1.004002957964496757e-05 -4.053093811413214847e-04 -5.424076103814888795e-07 5.869516554653706146e-07 1.343003498296944478e-07 6.528957245438263898e-08 -5.306384307808248433e-07
-6.902100121395936518e-06 -3.099370586155695403e-06 1.227829786504598588e-03 4.743169335202034515e-07 -3.138835198028130294e-06 1.507303216898902833e-07 2.801296062318090180e-06 3.617032838863081318e-07 2.474788990646920020e-07 -9.555219259686753925e-08 1.131271205863120941e-05 9.378278832436602217e-05 3.819659528424623096e-07 -9.209639212230807829e-07 5.252275205578882475e-07 5.484476695460455390e-07 -1.423142128502166408e-07
-1.161225832622491816e-05 -3.836587887380950987e-06 4.552769278174071147e-04 -1.017350212475898489e-06 -3.028129889705605727e-06 -9.226622544134714853e-08 3.617032838863081318e-07 3.256905955798202983e-06 1.146094977164368718e-07 1.069003571512026427e-07 6.840643003874203669e-06 1.489170285525610697e-04 2.302652549317029421e-07 6.180441105648287543e-07 -1.359732547070151786e-06 8.467924392631154136e-07 -1.121971371613031471e-07
2.250531946036180100e-06 -6.287693499652335421e-07 -7.909344104595503004e-05 -3.455833692624771867e-07 1.313594556108577297e-07 -1.278780185073577414e-07 2.474788990646920020e-07 1.146094977164368586e-07 3.510608330570934767e-06 1.250498571623648692e-07 8.610494638349238679e-06 1.055905062587829662e-04 8.891599923800979617e-08 3.203269757756922282e-07 6.215121083853669385e-07 -1.545669345987773562e-06 5.847760119049009759e-07
-8.004141262038091194e-06 9.098403189854184259e-07 -1.868872363442045982e-04 -2.692533365140150985e-07 5.847048547891887696e-07 2.515933365881884893e-08 -9.555219259686753925e-08 1.069003571512026427e-07 1.250498571623648692e-07 3.900241990752944113e-06 -1.243357384241034472e-05 -1.366499113722213961e-04 -3.357476402013622715e-07 2.017400738953792903e-07 2.505494918313249695e-07 1.298785904403214910e-07 -7.847768386328050086e-07
-4.912243968238239750e-03 -2.563059954590250537e-06 4.219698135154557883e-02 5.864177984397434592e-05 2.311663531220626666e-04 -1.004002957964496757e-05 1.131271205863121110e-05 6.840643003874202822e-06 8.610494638349238679e-06 -1.243357384241034472e-05 4.473298450403364462e-03 3.288964133214875019e-02 -1.941838584112017541e-05 -1.570131625912905757e-07 -5.022891548936324677e-06 -1.730367134939104394e-05 4.358283442774236696e-05
-3.763115754233494620e-02 -1.354810504831862423e-03 1.685776969325657737e-01 1.298282551700268364e-04 1.978056027783372996e-03 -4.053093811413214847e-04 9.378278832436602217e-05 1.489170285525610697e-04 1.055905062587829662e-04 -1.366499113722213961e-04 3.288964133214875712e-02 3.869187774075395492e-01 -3.086514294181922583e-04 1.108552663502192595e-04 8.189828281731345355e-05 -4.764311655987462426e-05 2.287297328266419511e-04
8.832884337012060898e-06 -3.261912970798747296e-06 1.303262412900989351e-03 -2.795647606400411289e-07 -5.354132272660059189e-06 -5.424076103814888795e-07 3.819659528424623626e-07 2.302652549317029157e-07 8.891599923800974323e-08 -3.357476402013622715e-07 -1.941838584112017541e-05 -3.086514294181922583e-04 2.426450283293727546e-05 5.597829516131293631e-07 -3.255584351007235984e-07 6.284579429196305561e-07 -9.533359891736124727e-07
3.938216390893806315e-06 -9.626927694152143190e-06 1.023428545308441469e-03 -2.586141146562162290e-06 -6.783397372662750265e-06 5.869516554653706146e-07 -9.209639212230807829e-07 6.180441105648287543e-07 3.203269757756922282e-07 2.017400738953791580e-07 -1.570131625912915551e-07 1.108552663502192595e-04 5.597829516131292572e-07 2.095486108359302923e-05 1.815473523068696501e-06 1.701950321053054613e-06 -2.929014694346964258e-07
-1.850792026390040681e-05 -6.598501018602202838e-06 2.131811555886090580e-03 -1.121297996171530205e-06 -7.594754578659565802e-06 1.343003498296944213e-07 5.252275205578883534e-07 -1.359732547070151786e-06 6.215121083853668326e-07 2.505494918313249695e-07 -5.022891548936322983e-06 8.189828281731345355e-05 -3.255584351007235984e-07 1.815473523068696501e-06 1.707680082678011729e-05 2.986642940140120676e-06 2.522287702699113510e-06
3.162796080007343388e-05 4.471105214631662137e-07 -1.210695079154123138e-04 -2.350306083163453125e-06 -6.867061109823434744e-06 6.528957245438261251e-08 5.484476695460455390e-07 8.467924392631154136e-07 -1.545669345987773562e-06 1.298785904403214645e-07 -1.730367134939104394e-05 -4.764311655987463103e-05 6.284579429196305561e-07 1.701950321053054401e-06 2.986642940140120676e-06 1.628218636536062441e-05 4.419758533561337044e-06
-8.365431879931665288e-05 2.347025520054915994e-05 -3.721705409600576612e-03 4.019553780050723792e-06 2.075524896544894482e-05 -5.306384307808248433e-07 -1.423142128502166408e-07 -1.121971371613031206e-07 5.847760119049009759e-07 -7.847768386328049028e-07 4.358283442774236696e-05 2.287297328266419511e-04 -9.533359891736125786e-07 -2.929014694346964258e-07 2.522287702699113510e-06 4.419758533561337044e-06 1.852675252707192545e-05
