# As_1e9 H0 LSST_A1_1 LSST_A1_2 LSST_DZ_S1 LSST_DZ_S2 LSST_DZ_S3 LSST_DZ_S4 LSST_DZ_S5 LSST_M1 LSST_M2 LSST_M3 LSST_M4 LSST_M5 ns omegab omegam w wa
3.357090104589646046e-02 -2.431056678646281166e-01 -4.594585714244928815e-03 -3.793412440182765411e-02 5.275383529468441616e-06 -9.755643554877939115e-06 5.937320350787180133e-06 2.095820105189794390e-05 -5.572027130785934685e-07 8.922625933949664405e-06 -1.368839820280594606e-05 1.445261774888835537e-05 4.261134729240606485e-05 -6.896296335030135363e-05 1.448850874670943754e-03 -4.743230798980607884e-05 -4.482362981420256846e-04 4.986375008294243252e-03 1.498064574074856221e-02
-2.431056678646281166e-01 1.049751845414476037e+01 2.664579616520570265e-02 6.473068588748355501e-02 1.964624787926475956e-04 1.690397433270734832e-04 2.156719686476149067e-04 -3.376185336706234860e-05 -1.377958836997032212e-04 2.930999076701680376e-04 6.713089404197810197e-04 7.293352687283985924e-04 1.125002809193890389e-04 -1.512367187554721024e-03 -1.662337019035745392e-02 4.708187053569579290e-03 -2.831458533503499256e-02 -9.171112574565477848e-02 7.274425161052212874e-02
-4.594585714244928815e-03 2.664579616520570265e-02 6.287116658183634910e-03 4.617122144337810347e-02 -3.461911681984063997e-06 1.952613101574006166e-05 6.181758848522227633e-06 2.101122273742420775e-07 -8.829632639483478410e-06 -9.121224268940737194e-06 6.594253715505557160e-06 -1.470637032939941560e-05 -3.232682736972955360e-05 2.579919982544710797e-05 3.756934584394056552e-04 -2.084960525109020638e-05 -1.587462342568946179e-04 -4.762052010169131287e-03 5.687087159907283120e-03
-3.793412440182765411e-02 6.473068588748355501e-02 4.617122144337810347e-02 5.348932563241646232e-01 -3.386102267004137975e-04 1.513264736034361936e-04 1.137399939728362790e-04 7.114593334231650334e-05 -1.010587451695648813e-04 -2.500206381207887890e-04 9.424876778167785797e-05 1.450587884624994081e-06 -1.426853639753760501e-04 2.001540576836066383e-04 2.027540288401217822e-03 -1.003059521757769686e-05 2.028787393703748254e-04 -2.698282218294210250e-02 1.808499455339430961e-02
5.275383529468443310e-06 1.964624787926476498e-04 -3.461911681984064420e-06 -3.386102267004137975e-04 3.759092675988758436e-06 2.762100036585337792e-07 -7.459989299794522118e-10 -7.843485093841489732e-08 1.298920332696459408e-08 -4.031012326870175432e-07 3.477181943818245122e-07 1.538995915824685526e-07 8.101125024120099971e-08 -3.118376816940016458e-07 1.118176838565084256e-06 -2.497420157973202812e-07 -2.805715254943158636e-06 -1.200872742588732351e-05 -2.882113928856192364e-06
-9.755643554877939115e-06 1.690397433270734832e-04 1.952613101574006166e-05 1.513264736034361936e-04 2.762100036585338851e-07 3.323665236701388318e-06 2.066496858735827546e-07 1.236760972215542089e-07 -9.172406045159378999e-08 2.344804957055546635e-07 -1.006582541921708123e-06 4.650488666902374751e-07 2.639464309454396978e-07 -6.818434666381156285e-08 6.793693581168285298e-07 -2.709179247286872310e-07 -2.523625410392395979e-06 -1.987007826404084865e-05 -8.716980769157915473e-06
5.937320350787180133e-06 2.156719686476149067e-04 6.181758848522227633e-06 1.137399939728362790e-04 -7.459989299794016504e-10 2.066496858735827546e-07 3.533544369264190888e-06 2.022871558216345815e-07 4.196403255696486147e-08 5.693413856214488658e-08 3.232864423621339969e-07 -1.193711977453357906e-06 5.270261554015479365e-07 2.547325854012547128e-07 5.139688351668129598e-08 -2.311053205332354835e-07 -2.030294426868831941e-06 3.234035765842017146e-06 -1.748766534286274132e-05
2.095820105189794390e-05 -3.376185336706234860e-05 2.101122273742420775e-07 7.114593334231650334e-05 -7.843485093841495026e-08 1.236760972215542089e-07 2.022871558216345815e-07 3.746494511410001360e-06 3.866244366041453381e-08 -5.674801475441330658e-08 1.765152748497938022e-07 5.223955746005017890e-07 -1.119298645869049324e-06 5.675539070887470908e-07 -5.667150181245433456e-07 6.521490487128618835e-08 -2.124421642788954745e-07 1.500704003204378992e-05 -1.317571345612582125e-05
-5.572027130785934685e-07 -1.377958836997032212e-04 -8.829632639483478410e-06 -1.010587451695648813e-04 1.298920332696459408e-08 -9.172406045159378999e-08 4.196403255696486147e-08 3.866244366041453381e-08 3.977945584946115298e-06 -2.399035773953159174e-08 -4.556951056686461697e-08 6.918059118639010417e-08 2.573722398318403560e-07 -4.481979984481356388e-07 4.920536298210006578e-08 3.844903066414981482e-07 2.078368956909938610e-06 5.501563943252990260e-06 2.448441750755561870e-05
8.922625933949662711e-06 2.930999076701681460e-04 -9.121224268940738889e-06 -2.500206381207887890e-04 -4.031012326870176490e-07 2.344804957055546370e-07 5.693413856214491305e-08 -5.674801475441335952e-08 -2.399035773953159174e-08 2.402260039219034177e-05 5.226092435263898421e-07 4.392480287977158957e-07 2.440641648400621244e-07 -4.279060533229217827e-07 2.470954480691400999e-06 -9.513620554231765026e-07 -6.024799212947767615e-06 -2.539742238732215133e-05 -7.430035691550466376e-06
-1.368839820280594606e-05 6.713089404197810197e-04 6.594253715505557160e-06 9.424876778167785797e-05 3.477181943818244063e-07 -1.006582541921708123e-06 3.232864423621339969e-07 1.765152748497938022e-07 -4.556951056686461697e-08 5.226092435263898421e-07 2.222042543897093529e-05 1.189215525715465514e-06 9.924066561417603043e-07 -3.875097052910995969e-07 3.891254861816642217e-06 -6.984579092871285592e-07 -8.552540299269399283e-06 -4.492374498237952050e-05 -4.853447608079951157e-05
1.445261774888835537e-05 7.293352687283985924e-04 -1.470637032939941560e-05 1.450587884624994081e-06 1.538995915824685262e-07 4.650488666902374751e-07 -1.193711977453357906e-06 5.223955746005017890e-07 6.918059118639010417e-08 4.392480287977158428e-07 1.189215525715465514e-06 1.890352751568141716e-05 2.330033477040579999e-06 1.768243238592698814e-06 9.101828670615611756e-07 -6.075608377240297221e-07 -6.022379838824602728e-06 2.511967395171878822e-05 -8.996765699674674798e-05
4.261134729240606485e-05 1.125002809193890389e-04 -3.232682736972955360e-05 -1.426853639753760501e-04 8.101125024120099971e-08 2.639464309454396978e-07 5.270261554015479365e-07 -1.119298645869049324e-06 2.573722398318403560e-07 2.440641648400621244e-07 9.924066561417603043e-07 2.330033477040579999e-06 1.774134903212563856e-05 3.897083485880213394e-06 -3.980108796611896128e-06 -1.874060369598915665e-08 -2.817728976064068101e-07 5.407025666018866938e-05 -2.860715324023363888e-05
-6.896296335030135363e-05 -1.512367187554721024e-03 2.579919982544710797e-05 2.001540576836066383e-04 -3.118376816940016458e-07 -6.818434666381156285e-08 2.547325854012547128e-07 5.675539070887470908e-07 -4.481979984481356388e-07 -4.279060533229216768e-07 -3.875097052910995969e-07 1.768243238592698814e-06 3.897083485880213394e-06 1.944869357495545106e-05 -9.718090371169500695e-07 2.829008918185808844e-06 2.186664033192626681e-05 3.698821384026977703e-05 2.524503059342554515e-04
1.448850874670944188e-03 -1.662337019035744351e-02 3.756934584394057094e-04 2.027540288401217822e-03 1.118176838565084256e-06 6.793693581168280004e-07 5.139688351668152759e-08 -5.667150181245434515e-07 4.920536298210006578e-08 2.470954480691400999e-06 3.891254861816642217e-06 9.101828670615622344e-07 -3.980108796611896128e-06 -9.718090371169496460e-07 4.897381985461531301e-04 2.062598396845898157e-05 -1.025622760047006465e-04 -9.229556850119525861e-04 3.037432015629977738e-04
-4.743230798980607884e-05 4.708187053569579290e-03 -2.084960525109020638e-05 -1.003059521757769686e-05 -2.497420157973202812e-07 -2.709179247286872310e-07 -2.311053205332354835e-07 6.521490487128618835e-08 3.844903066414981482e-07 -9.513620554231762909e-07 -6.984579092871285592e-07 -6.075608377240297221e-07 -1.874060369598915665e-08 2.829008918185808844e-06 2.062598396845897818e-05 3.068894123696389329e-05 3.399526836666192346e-05 1.034120957832709414e-04 -6.362181176424113284e-05
-4.482362981420256846e-04 -2.831458533503499256e-02 -1.587462342568946179e-04 2.028787393703748254e-04 -2.805715254943158636e-06 -2.523625410392395979e-06 -2.030294426868831941e-06 -2.124421642788954745e-07 2.078368956909938610e-06 -6.024799212947767615e-06 -8.552540299269399283e-06 -6.022379838824602728e-06 -2.817728976064068101e-07 2.186664033192626681e-05 -1.025622760047006736e-04 3.399526836666192346e-05 3.189333566964624913e-04 1.521718239522451815e-03 -1.138660380271820649e-03
4.986375008294243252e-03 -9.171112574565477848e-02 -4.762052010169131287e-03 -2.698282218294210250e-02 -1.200872742588732690e-05 -1.987007826404084865e-05 3.234035765842017146e-06 1.500704003204378992e-05 5.501563943252990260e-06 -2.539742238732216150e-05 -4.492374498237952050e-05 2.511967395171878822e-05 5.407025666018866938e-05 3.698821384026977703e-05 -9.229556850119523693e-04 1.034120957832709414e-04 1.521718239522451815e-03 2.081018490693488723e-02 -2.614942735550972522e-02
1.498064574074856221e-02 7.274425161052212874e-02 5.687087159907283120e-03 1.808499455339430961e-02 -2.882113928856192364e-06 -8.716980769157915473e-06 -1.748766534286274132e-05 -1.317571345612582125e-05 2.448441750755561870e-05 -7.430035691550466376e-06 -4.853447608079951157e-05 -8.996765699674674798e-05 -2.860715324023363888e-05 2.524503059342554515e-04 3.037432015629977738e-04 -6.362181176424113284e-05 -1.138660380271820649e-03 -2.614942735550972522e-02 1.116887065485161340e-01
