1.266802292390007412e-01 -1.424677273126131738e-01 -2.642490622904889938e-02 9.187938161862081732e-02 -1.894317318421488150e-01 -1.498650703967927544e-01 -6.619738833505970851e-03 -4.397278435515735578e-02 1.009137015806618187e-01 -3.000837945382769240e-02 -5.784356829152736967e-01 -1.654130098558012352e-01 1.560651930336327542e-01 -1.438770799635704922e-01 -1.628421723023307510e-01 3.303730007831839205e-02 3.298651143591083829e-02 -2.207575374901310505e-01 -2.502703391519380260e-01 -1.621304680311617674e-01 -1.177581661650456274e-01 3.830875477429909748e-02 -3.553853599734748125e-01 9.052286013077386062e-02 -3.299495059108100148e-01 8.719117927367273091e-02 1.115154437054411973e-01 -9.310495011851363523e-02 4.196121503069973058e-02 -1.434889498242823413e-01
-1.992418327938983436e-01 -5.720896675579829199e-02 -1.846281686656050247e-01 -2.257832616854799912e-01 -4.368754755794875336e-03 -1.639807084830666450e-01 -1.948028862212501655e-01 -2.693016398574390458e-01 -2.018148578840622820e-01 -1.899928303205341285e-01 7.792111048690648911e-02 -1.232238806563761974e-01 -2.070809272658153677e-01 -7.439546370925846641e-02 -2.350949535663095780e-01 -1.886956955071642794e-01 -1.971752217406342877e-01 -1.433239458447195247e-01 -1.736658981976065691e-02 -1.715563136239358355e-01 -2.194313381081648695e-01 -2.136679608160529653e-01 -2.053008927040480408e-02 -2.248158896988182720e-01 3.314272720157965951e-02 -2.926366610135290314e-01 -2.381338646881646093e-01 -1.422151958009444661e-01 -2.732202057441207588e-01 -1.580223079912453643e-01
2.143170703025505663e-02 -3.819735469217849788e-02 -4.588674545821611744e-02 -8.339089494155617344e-02 -3.446635827314738221e-02 -6.235140063855252324e-01 1.441207017689307979e-01 7.997011530723940886e-02 -8.546702622581446585e-02 3.034162651162361848e-02 4.060255917342220355e-01 1.359503153678684184e-01 2.397233794624115122e-02 -2.317887994055465029e-01 1.714668695289724154e-01 8.029487405544570230e-03 3.321250453048311263e-02 1.000650282975256017e-01 -2.790476791409010268e-02 -1.228615484719994821e-01 1.381743184092557204e-02 8.411521663064099041e-02 -4.631491311549335577e-01 -5.644394776843085146e-03 -4.413363775159943186e-02 -1.557107332275415104e-02 6.516927211625589411e-02 8.816955168089125883e-02 4.476553488321742547e-02 1.776449060902363097e-01
1.189216276675008066e-01 1.017461544084251185e-01 8.577720693941941199e-02 2.748708310368975227e-01 3.816060692965461132e-01 -2.980340209537963303e-01 -1.319590499832294095e-01 -2.708722322967340723e-01 1.823555951284753784e-01 9.066251151192863955e-02 1.408358085916791291e-01 -2.357329940891721709e-01 2.077459665713273784e-01 6.021955881730998994e-02 -3.461831365530062543e-01 2.122760613156429721e-01 -7.220054434317348113e-02 -7.737600348081867530e-02 2.681743541949718757e-01 -1.399750975486586946e-01 -1.807250192439745773e-01 -1.969005315594208466e-02 1.046619121793148643e-01 6.295367595808012973e-02 1.043356446056492859e-01 1.883925821130871536e-01 -3.133047276924727509e-02 1.720662078870431599e-01 9.982481927825635759e-02 -3.444543000405380501e-02
1.418266288824460986e-01 -2.795676012977290625e-01 -8.249919368667724129e-02 7.908943119827438473e-02 -9.339948979899012627e-02 3.369292712095520725e-01 -8.250099096353044614e-02 -1.422069396098083784e-03 3.927655971575970406e-02 -1.013543292694767256e-01 6.034747671447001638e-01 -2.396821147022281107e-01 2.335330126988741095e-01 -4.654770295151220566e-02 7.673966089057474016e-02 1.710322021321028854e-02 -4.957183257330188830e-02 -9.031276001569030210e-02 -1.055904182787377049e-01 1.537433616883930251e-02 -1.340429970444547425e-01 -2.819662904211261978e-02 -7.892439963009101334e-02 1.490119261517865445e-01 -1.591837876454643697e-01 6.752230759831402696e-02 1.506373718287497832e-01 -2.915787452090970455e-01 4.188554816835607375e-02 -2.339307234179457406e-01
-5.002033934909720925e-01 -1.745071484935479533e-01 1.559278892173110997e-01 1.998619284712549737e-01 2.662964719224315477e-02 -1.077764934811222541e-01 -3.627930579385856696e-02 7.560164540541397526e-02 -1.206313074809597791e-01 1.594902161018653119e-01 2.354151837854204579e-02 -3.036132914465842769e-01 -2.212649967483034386e-01 8.496430631637763575e-02 -2.110142203612945522e-02 4.224819669909047476e-02 -3.532702793375711720e-02 2.167590611568468995e-01 5.663547595174953098e-02 3.276493827444727502e-01 -5.531250136537816352e-03 3.993872584934916870e-02 -3.931442253197852538e-02 -1.542745686271361771e-01 -4.217085432114917043e-01 1.092062447032319389e-01 -1.418595388651053557e-01 -3.451225821683116812e-02 2.118385192102098802e-01 -5.363020073175434749e-02
4.480351150869382043e-02 2.212112575476526954e-01 2.036692955718141795e-02 -1.269193591736927362e-01 -3.586889653586829985e-01 -1.001055087282767264e-01 6.288934631971741795e-02 -1.322595405237671495e-01 2.151526596371242106e-01 6.833421429837988233e-03 7.391591638182712365e-02 -5.828832350057820966e-01 -1.163101420652164555e-02 -2.453789358878078475e-01 1.341334973716053758e-01 -3.486755687211894050e-02 1.204065201434289384e-01 6.154913097312490061e-02 -1.885814732294203433e-01 4.114544943823848083e-02 5.128621180257411649e-02 1.218810819308680654e-01 3.115791356705276405e-01 -1.323804121266245748e-01 3.309082004969907120e-02 -1.081762649855657621e-01 9.719689514032599231e-02 2.972314684547252006e-01 -4.972859682515780311e-02 2.457109051902586425e-02
-1.559001498851250722e-01 -5.037504163037222898e-02 1.494354459598073448e-01 1.253336510993149078e-01 -5.339285045527336626e-02 1.079324024880310706e-01 1.732847570016184113e-01 -1.800296393988354560e-01 2.609487659100828694e-01 8.129454757106155394e-02 2.095714709243515772e-01 4.227934423365124483e-01 -2.676616173291944747e-02 -2.168503674976283990e-01 -3.534381549427018654e-01 -9.260524210277285007e-02 -1.680408233135400817e-02 -3.491812194673185044e-01 -2.946891715264181033e-01 1.468860847047898932e-01 -3.171610614234693371e-02 2.045349900441710278e-01 9.398899305908593738e-02 -2.341030678621853767e-01 -9.803754017509525021e-02 -4.492947842836454708e-02 -2.394199055818321126e-02 1.162388394565154887e-01 9.643448855960448651e-02 8.629669629269756670e-02
5.429491774097139345e-02 -1.631224649011974170e-01 3.717345527889876627e-02 1.261164602515092437e-01 -2.853180244531590137e-01 1.325743476606126674e-02 -2.401705516017021702e-01 -8.067806018552957370e-02 -3.250792533095282488e-01 7.398711525670619016e-02 5.238412845347924229e-02 3.210959128041191574e-02 -1.235120787385456664e-01 8.996140654304499162e-02 1.446041729810993749e-02 3.308054697017578233e-02 -3.837175330805721041e-01 -6.630135501320717772e-02 -2.677350090069793298e-01 -2.836711460844688060e-01 2.896730962691056455e-01 -1.325001849040756963e-01 8.623561289346182157e-02 -3.925904846103406981e-03 1.144017667055313714e-01 3.580615991548016797e-01 -1.651202525781987271e-02 2.850264052419730909e-01 1.639265809342584923e-01 7.361933622699425028e-02
-9.842211314363774610e-02 2.342838889232834454e-01 -1.549812812717199549e-03 -1.911045945627580511e-02 3.228539148790390279e-01 2.803419950722143561e-01 1.169391332478199319e-01 -2.361046705800836087e-01 3.484931138488195357e-02 6.386077791492238143e-02 -2.361809368182119645e-02 -9.799397772193275957e-02 -1.975061181380307618e-01 4.714086804861242902e-02 4.915141861238531140e-01 2.188764519732209202e-01 -1.112945612164211728e-01 -2.613592942737598679e-01 -9.905945212411812473e-02 -1.427585748114914010e-01 -1.296946278518658902e-01 7.098900528691395873e-02 -3.384783630473883198e-01 -2.412961579570159498e-01 1.674454009172225699e-02 4.670741574195241830e-02 8.423088461315448097e-03 1.342997001656421330e-01 5.600878320930193638e-02 -8.594718895502177769e-02
2.862427353380833650e-02 -1.085150853090676576e-01 -2.247469912335597897e-01 -3.932114159262395381e-02 3.668210950056580849e-02 1.793528791447557280e-01 -1.839444874400888441e-01 -1.803487765129329068e-01 -2.560343300426880589e-02 -1.286765339552115583e-01 -8.211640628904699757e-02 -1.037543883456181967e-02 3.000140276048485766e-01 -3.504572670228837672e-01 7.897627036385367061e-02 8.833748909395114368e-02 -9.953522954054096206e-02 -6.214592025908302619e-02 3.680249952768178123e-01 1.531082955016692948e-01 2.642097985569586971e-01 -7.784507547706273622e-02 -4.815717643279983362e-02 -2.379768044150331330e-01 -2.574043056194709744e-01 5.501386751845242784e-02 -5.567551953942696114e-02 7.005277954135173679e-02 -8.341336100700998124e-02 4.391115385682862193e-01
-6.369572700653748643e-02 2.106754469996158785e-01 7.671059170113540826e-02 2.224663062349566470e-02 -1.512187211745943394e-01 3.031221426230553129e-01 -1.390417079824924577e-03 2.813942391969928222e-02 -1.020152096093175087e-01 -1.425912437196292723e-02 8.166995953340697167e-02 -2.194366751198803256e-01 6.393829878974896519e-02 1.074569914906287754e-01 -4.062975814944549402e-01 -1.894631943862142842e-01 1.442989047867272445e-01 4.039305548053545580e-02 7.788564867030234318e-02 1.280382839779750093e-01 1.463090318782880039e-01 2.812383954165898533e-03 -5.912258986623083468e-01 2.698294632214446806e-02 2.741860847290110148e-01 -1.395062369420499437e-02 -7.106798984331293145e-02 2.169651082999929648e-01 -8.632860521266015608e-03 5.846007622677523718e-02
6.483136664978914054e-02 3.118813725388097091e-01 4.245833495308373490e-04 -3.243597112073430544e-02 2.066807239063674362e-01 -1.041865676023304016e-01 -2.564150995999175398e-01 1.940010310604691757e-01 3.214375545238562504e-01 5.069625731096034926e-02 1.015731394658543896e-01 -1.130328249511605571e-01 -1.402856482137487815e-01 1.053722330350044881e-02 2.091585333037002462e-03 -6.389162759572261652e-02 -2.923506508231000361e-02 -1.976856281505883217e-01 -2.769954452751776097e-01 3.143549610105668413e-02 4.213625079681672658e-01 -9.606992192892244153e-02 -4.605478785761467353e-02 1.710734766670803653e-01 -1.355496216181587277e-01 8.393653133942056976e-02 -3.323546695244397053e-01 -2.965269499278324616e-01 -1.000723586797611780e-01 1.342427229629069296e-01
-1.473837329008918229e-01 -4.812459084111008617e-02 9.132994917078046671e-02 -3.577454573399686810e-02 7.580247807409412619e-02 1.507926345719647759e-02 -1.417249776937291594e-01 3.852312211194506286e-01 1.348846453202420248e-01 -1.136787912870707191e-02 -1.091733172395062818e-01 -3.329657933370908096e-02 9.324152332933267895e-02 -4.755948206027235114e-01 1.573160449277189454e-01 -2.957445847084413382e-01 -2.044873287286058938e-01 -1.011214045821962892e-01 6.452827533474894683e-02 1.126075749709224832e-01 -2.885170173101195834e-01 -1.475328449907316597e-01 -6.324884330177529650e-03 3.490368231250134262e-02 3.403039955023477448e-01 1.824921363466318891e-01 -1.316187138465287620e-01 8.478837127999541701e-02 2.344055997878920494e-01 -9.854164123306716205e-02
-1.812788799771129604e-03 -8.038132660203103907e-03 -1.258745090146237144e-01 2.970591577687699616e-02 -2.020205553153782418e-01 -3.403593921653610965e-02 -3.929675597885140537e-01 -8.472720435202100997e-02 4.496236671504031390e-01 6.909616688009169450e-02 -9.311737246676043359e-05 2.659937694939690789e-01 1.544981798405914430e-01 1.754124730061764892e-01 1.185235971390783544e-01 1.522573216982893163e-01 -5.505982379453603498e-02 3.245697859061624224e-01 -6.812952075210688963e-02 1.118919549866983498e-01 -2.878697267758053083e-03 -2.001787942738614268e-01 -1.690802466141022309e-01 -1.594899199165353831e-01 -2.326708497859884209e-03 -2.172003989491682330e-01 -1.067588765953227103e-01 2.049764994895519887e-01 7.203846628285749676e-02 -2.909418826133804981e-01
-4.395110229857030620e-02 4.054777676967999955e-01 -2.774976855705041379e-01 9.924009581220484544e-02 -1.441004660426631334e-01 -2.160312545221155373e-02 7.958233472356397720e-02 5.044606476559754249e-02 -3.755844605742562625e-01 1.409287872281926868e-01 3.319960902192273938e-02 1.295712269895096802e-01 2.532259767134829032e-01 -2.340822323882793821e-01 -3.595141550102454175e-02 2.520335036586601740e-01 1.842588505957080403e-01 -4.030535140380717141e-02 -2.531481017854543894e-02 5.051141618750922685e-02 5.281438567663245681e-02 5.080279694920184635e-02 1.025349762043277074e-01 -9.811696449977511114e-02 -5.649851079306604691e-03 1.723575133066242437e-01 -3.022014592980610259e-01 -1.027998000196283512e-01 3.054865394053986327e-02 -3.966124234969720663e-01
-2.491718552964571343e-01 4.666738701687125207e-02 -5.456293336830168178e-02 9.907511647608727157e-02 -4.869749118405185262e-02 1.503835769051664606e-01 1.145720521668946862e-01 7.552477877409963236e-02 2.752625278486966476e-01 -1.545329676319794621e-01 7.481648893088432839e-02 9.660200099778110117e-02 -1.279381697270729479e-01 -1.050883521122202291e-01 -2.087003700056814376e-02 -2.236239161613894355e-01 1.628781396599992271e-01 1.817161491729832046e-01 2.526739003522222582e-01 -5.628268730280392429e-01 9.541992490891534895e-02 -1.381484642282636809e-02 2.720237443019593235e-02 2.422670940260984035e-02 -2.493698999710168562e-01 2.895466720463885646e-01 -3.439189520973217479e-02 1.497323241098760249e-01 -1.899816819582848815e-01 -1.737286667944758223e-01
2.988122830194148150e-01 5.873131483788776586e-03 -1.687001925673767624e-02 1.015912234412340021e-01 4.188625906254923037e-01 1.372086292800133722e-01 6.703470356554892817e-02 1.414510886130727896e-01 -2.040478664765095762e-01 2.887491250047675151e-01 -6.268112754644457330e-03 -3.932000209711920824e-02 1.323076308279806101e-01 -1.425531635216853443e-01 -7.681053133040857683e-02 -2.954909518895246223e-01 -1.317027044506439981e-01 2.997412301476783392e-01 -2.672459450910081302e-01 -7.143938949710197661e-02 7.321725090805650607e-03 -7.710916319837236854e-02 2.726821540652012155e-02 -9.849920199534500931e-02 -2.683347114883055662e-01 -2.358679969224424522e-01 -2.810792404192903431e-03 2.685876224879666929e-01 -1.283748378950900215e-01 -8.505756407702275146e-02
2.951233385475931503e-01 -1.474645305157659958e-01 -1.831797481867709354e-01 -1.688085672406148263e-01 3.241225889845688463e-02 4.306932055552295524e-02 1.972273869875614816e-01 -3.119247248893783353e-01 5.133903075115982262e-02 -1.257428108156543878e-01 -2.116275838249496305e-02 -1.849503428572931221e-02 -8.434398667168907515e-02 8.165196078799967505e-02 3.532909237098819100e-02 -2.249452430121194890e-01 1.942014591191626449e-01 2.049006529852472058e-01 -8.401450406989587061e-02 2.115999479605869260e-02 -1.335757999805365082e-01 2.708206123781748895e-02 5.356815148358957945e-03 3.178895844275309024e-02 -2.148390569580411677e-02 1.968146266246540710e-01 -5.170537209341976581e-01 -1.695479620170637844e-02 4.229185308438759838e-01 1.123755028409801487e-01
1.084923729039922596e-01 -2.707416091586235807e-02 -3.315426924587603352e-01 -1.247782553871926020e-01 2.213123007692572794e-02 1.045256561696999570e-01 -2.407716231908983984e-01 2.249437348206327902e-01 -4.882498895173497527e-02 1.096660752062807304e-01 7.393073277385177333e-02 2.746399128135427331e-02 -4.465977677440523541e-01 -1.192166764135624279e-01 -1.616242801254494099e-01 2.467619470125055614e-01 3.041917082600039679e-01 -1.942942249485940243e-01 6.496662126141369842e-02 3.256734443827681569e-02 -1.930867389151598168e-01 -1.340813399279426332e-01 2.740298780671870590e-02 2.126269827154704806e-01 -1.753998778990468743e-01 -8.543113418616606058e-02 1.044214214311890571e-01 3.234107231570066965e-01 1.588955919258759619e-01 7.154188359401338071e-02
1.187522876124162685e-01 -1.456949342947106429e-01 -2.087394740404212856e-01 -3.545875198569864439e-01 -2.518031829460090285e-02 -4.159790706717575448e-02 2.717038353310198273e-01 4.296169073913303493e-01 1.724300156921713956e-01 1.381897008145467343e-01 2.988202552776607346e-02 -1.311408530579684373e-01 9.726325884971351310e-02 3.042652377183371892e-01 -1.873779838620273919e-01 9.492152297129968774e-02 -1.869693327500412117e-01 -1.641194451895896522e-01 1.109582138470426999e-01 -6.922111986458319433e-02 6.083479321286229535e-02 1.445043404116171278e-02 1.830001082632497916e-02 -4.617629787282482856e-01 -3.565266012927593986e-03 1.356556351644566116e-01 -2.157737024292787770e-02 1.865169895903533159e-02 4.459601738679377925e-02 -6.203055563244013609e-02
-1.171821268966820040e-01 -8.210362152056481511e-02 -3.673199614032898741e-01 2.500799301206990677e-01 2.063056814240546988e-01 2.444405707916381953e-02 7.556927226186153923e-02 2.698671813040336154e-02 1.001777880493456008e-01 -1.819543322332329294e-01 -5.682674178642915103e-02 -7.205959449108975678e-02 -1.486699220517419817e-01 -1.728976038394518244e-01 -1.684135990466117949e-01 1.824015019891814526e-01 9.478934454171898671e-02 3.254389263064054738e-01 -3.244114522186679062e-01 -2.044143255643554938e-03 7.397269345803929308e-02 -1.326584020416120002e-01 -1.975788778795400588e-02 -2.407515262274369516e-01 3.323959384099059999e-01 1.303911813659202057e-01 2.681371442746706690e-01 -2.219090735573092388e-01 2.870833870081614808e-02 1.274819509403428419e-01
-1.423966367468620375e-01 -1.849674080709632906e-01 2.364611075066763157e-01 -1.301258551215385417e-01 2.991952703854148382e-02 1.753705653000682263e-01 4.065563991090648363e-04 1.200336377600585841e-01 1.165516154817188010e-02 3.743601820145223136e-02 -1.809696226599419311e-02 -8.447867400384001524e-02 9.792774125849731948e-02 -2.082864599840377196e-01 -1.026984333292959156e-01 4.151933872243159795e-01 -1.196716499982310167e-02 1.384554657749988149e-01 -3.095424098343890762e-02 -4.207633351322685455e-01 1.199692571364153332e-01 1.815836588351844860e-01 9.521760682770927242e-03 9.181530024304092319e-02 1.012871858283785897e-01 -4.053072854379399237e-01 -2.909380260680809460e-01 -8.936183781992945718e-02 2.314272368072437247e-01 8.818836608363167517e-02
-4.563415224926332669e-01 1.697020871433050360e-01 -3.142793860743234857e-01 -1.248720887573407934e-01 1.277925268877958542e-01 -3.392069547426971449e-02 9.292916568091799667e-02 3.710088790467445247e-02 -3.751664613279653837e-02 -2.560996277313073999e-01 3.914478732610991718e-03 -1.126144082312013038e-02 3.945281251935550682e-01 2.553404279395690701e-01 3.915017034387520412e-03 -8.166320440632279798e-02 -1.023791473893281567e-01 -7.904859425062472911e-02 -2.298875629257358111e-01 -4.042089644293099526e-02 -2.620864174295912952e-02 -5.763623219335918535e-02 1.033300861159283796e-01 2.930166685894967649e-01 -1.276290618492907369e-01 -1.121220205362597200e-01 9.398214046659690568e-02 2.126361585289943401e-01 2.290121365890406546e-01 1.389686194009695230e-01
-6.094899901213864796e-02 2.567888950813129734e-01 -1.147991574653587366e-01 8.283817641557282563e-02 -2.037132361277975146e-01 6.185105281436747982e-02 -4.095926615660509112e-02 -1.005961272354642388e-01 3.448319604347096362e-02 5.237261025294880357e-01 4.704646231761061559e-03 -3.625980923322787153e-03 2.682035798338153199e-02 2.962601170888872967e-02 1.005238619709403897e-02 -2.487590796976033580e-01 -3.449167769395218922e-03 1.093612341577861191e-02 1.479066100060898170e-01 -2.606393095906114898e-01 -1.248235874779150267e-01 -1.953264459066623160e-01 1.441440043231782819e-02 -9.607649077006781557e-02 -2.447154560651725042e-02 -1.328801077027829680e-01 1.982280858071226448e-01 -3.583097014057397001e-01 3.251781483506822612e-01 2.632483243730864286e-01
-6.839493532067940362e-02 -8.990635151762577104e-02 -1.424022468030930466e-01 -2.813116483836021198e-01 9.253990972692824335e-02 -1.239180292756025467e-02 2.622027959320667456e-01 -2.982448651976781773e-01 1.029395925051829475e-01 2.337425809924753850e-01 -4.423317554198556711e-02 3.195686184147630837e-05 -1.451175790537663768e-01 -2.169095927483228325e-01 -9.681570808671753625e-02 -1.110044350901710428e-02 -2.580069714269042080e-01 4.169453346399783211e-02 1.587663667754901919e-01 1.587231426196179518e-01 4.002550785252658172e-01 -8.163193727848619408e-02 -4.254755178979614805e-02 3.302001468100376758e-01 5.835014686332175987e-02 -1.792632705837243073e-02 1.862087125942450405e-01 -1.784278063998397112e-02 1.259067405014196728e-01 -3.544374675043787670e-01
-2.376858848697296633e-01 -2.126433361786629617e-01 -1.426118680568055075e-01 -2.839909570624206125e-01 4.831329591952717578e-02 6.061813958406757352e-02 -1.882058365349785767e-01 -1.179576216700546493e-01 3.983944794250211807e-02 4.791504968052647806e-01 -2.264462210950907162e-02 1.063038106985006448e-03 1.484195922512254739e-01 2.790696849475254177e-02 7.493235687038420079e-03 1.705295624450044178e-02 1.175848909650193397e-01 1.070923878626259679e-01 -1.720024914788558235e-01 -3.030739498073316274e-03 -1.892695899410338778e-01 2.770289462650852297e-01 -1.749964482142195993e-02 1.541793291207028960e-01 1.330585878274763989e-01 2.990436419817774638e-01 -6.412904150805628922e-02 6.832590335728052494e-03 -4.023852701104039808e-01 1.495836859004144592e-01
-1.017705123826845165e-01 -3.162087948600950660e-01 5.485606306045021779e-02 -2.256234563564940565e-03 2.089184704373530377e-01 -1.123531104931984881e-01 -1.766223217140483748e-01 -6.159960893022584094e-02 -8.867107003929920739e-02 7.915848572694354768e-02 -1.408570768385475347e-02 -4.646803959102419057e-02 1.552084444927530893e-01 7.112940475154463926e-02 1.443040898806415284e-01 -2.267022427776693438e-01 5.674444531225676380e-01 -2.812208410846106510e-01 -9.949183410717404863e-03 -8.674239622870086319e-02 3.439969747067193606e-01 -8.780355973599007768e-02 5.343449654413731653e-02 -1.977736022602032406e-01 1.451329746436635926e-01 -8.974875404624289843e-02 8.770406204606001621e-02 4.853227559250759826e-02 1.496042266582733316e-01 -1.981554518188873293e-01
-2.421856124128803772e-02 -2.524261960677079419e-01 -3.537833772181108172e-01 5.381710681565242682e-01 -1.297127599016594524e-01 -3.888866352127573478e-02 2.738182071195196521e-01 6.748459682588511810e-02 9.963007233303305954e-02 1.672807017382857975e-01 -2.616612302751106234e-02 -1.055227278064014007e-01 -4.694630038171850039e-02 7.477731134601700580e-02 1.679494389676744748e-01 -4.190987104074374997e-02 -7.787289200455257965e-02 -2.124660243014076244e-01 9.774930548205117142e-02 2.320467411675430913e-02 3.995124886180380364e-02 1.936833993207437432e-02 -7.041510590088201349e-03 1.774177290956275022e-01 1.664299032844309134e-01 -2.606189816393914560e-01 -3.007559295593599247e-01 1.028424220793106858e-01 -1.987387319472698477e-01 6.783397192236331752e-02
-7.223834336356335650e-02 -6.478274966585648165e-02 2.846557706888618866e-01 -8.600816262537566703e-02 -6.165448736491970644e-02 2.189410730211045070e-02 3.394880194148359176e-01 -5.287127191481044708e-02 2.139262312616597300e-02 1.039394683725578389e-01 3.295524862058918369e-02 -2.971004430239586325e-03 1.122960147962624999e-01 -2.426493603483640543e-02 1.477007060326670715e-02 2.230741824370043869e-01 1.675487769595915000e-01 -3.124038292167349851e-02 -1.191751518283398759e-01 3.542380881460102660e-02 -8.883557231501544582e-02 -7.585703279287897560e-01 3.013568306460989721e-03 5.634909210925571205e-02 -3.690543048932280745e-02 9.402532199920875244e-02 -1.108373773622963743e-01 5.277435479013487668e-02 -1.849572978661570277e-01 1.174813990186779067e-01
