1.320409047430629312e-01 -1.396488697783127564e-01 -1.842667134764201450e-02 1.004267191209273491e-01 -1.814770224292119316e-01 -2.081009227962902219e-01 1.135481406804300479e-02 -3.054885436039773278e-02 1.040207030322517212e-01 -1.510413584186714835e-02 -5.462132679963457305e-01 -1.547203714633065552e-01 1.660221048571896563e-01 -1.572582147279101006e-01 -1.466554107691782349e-01 4.599938305945371064e-02 4.298381346472381764e-02 -2.032285308409106650e-01 -2.422809578910008754e-01 -1.642258220376166811e-01 -1.103449751081598124e-01 5.428475052025525521e-02 -3.899138163218298647e-01 9.768695691641543499e-02 -3.341969108666306143e-01 1.013831608837075793e-01 1.226559106358567769e-01 -7.384018827248549355e-02 6.049337214018535303e-02 -1.201783437080256312e-01
-4.991555460385008886e-02 -1.472127164765104062e-03 -3.352064471642909188e-02 -3.246040352213549335e-02 -6.496877661518239699e-02 6.024817704138896168e-01 -1.600861695048073907e-01 -1.095547839989514383e-01 5.966098734627241391e-03 -1.055826049362609542e-01 -4.434757291291853143e-01 -1.008351729043291956e-01 -8.956514043610606934e-02 1.645054771653393366e-01 -1.652870001130860300e-01 -9.355352333751089378e-02 -7.350663361820473918e-02 -1.608733505364073890e-01 -6.889091115017299816e-02 5.311016310821752018e-02 -3.989726714800822388e-02 -1.289561244221763825e-01 3.732602169541063830e-01 -5.368113435607051870e-02 2.794383668038422433e-02 -8.721565302230714634e-02 -9.658411943042392866e-02 -1.480652013707001724e-01 -1.370300436278137080e-01 -2.088618042037722888e-01
1.819725491591219491e-01 7.078384604315887674e-02 1.887265127852359170e-01 2.302790242177173152e-01 9.756824925929470996e-03 3.260557720630470335e-01 1.534027301459764403e-01 2.431329862177163403e-01 2.091635154027793875e-01 1.751420770152399276e-01 -1.866307724223215114e-01 9.894709069669052615e-02 1.835698484698362054e-01 1.336741550856766769e-01 1.928214535324041801e-01 1.758614322514993888e-01 1.807596970250378021e-01 1.165503357027321829e-01 2.424463682473411430e-02 1.994779297564843734e-01 2.180155319784311263e-01 1.834211590492985378e-01 1.431917485844095561e-01 2.118062700832822332e-01 -1.163082362045504518e-02 2.807893722690289473e-01 2.098345968758974223e-01 1.204427018503886199e-01 2.478043404332326838e-01 1.155728338389974408e-01
-1.001220498127815689e-01 -1.389714338790090098e-01 -9.314948260673409919e-02 -2.607935503204344418e-01 -3.706523153414384431e-01 1.999400049056981321e-01 1.441500170410695281e-01 2.952777149998331296e-01 -2.209336055099602181e-01 -8.264501663093327954e-02 -3.724331254568555988e-02 2.675418778166974154e-01 -1.854754863676668919e-01 -8.060102000264156297e-02 3.849578220312485088e-01 -1.927688106485323238e-01 5.945921409472015168e-02 9.549306733540111058e-02 -2.630553034746169749e-01 1.012932422808074245e-01 1.849151140828226014e-01 2.507580101254563293e-02 -2.207015499778757772e-01 -3.391350425866451052e-02 -1.176444636970403468e-01 -1.495768996139930918e-01 5.626215330604158321e-02 -1.708492319768270262e-01 -6.994070894780657355e-02 5.943922531563213679e-02
4.197817931617950915e-01 -9.177057566461023497e-02 -1.535387385803688443e-01 -3.403868098554549415e-02 -2.302699786621913158e-02 3.183581829223720572e-01 -1.763745188562763216e-02 -6.707091112018363777e-02 1.321804466186455584e-01 -1.594765753826392352e-01 4.628900702653343524e-01 5.544703420991189957e-02 3.285663921100785423e-01 -1.052926924211149834e-01 7.796954398212348203e-02 1.188368012702241752e-02 -2.026473855882787029e-02 -2.314824732612557057e-01 -1.224815633196977699e-01 -2.092294503708038989e-01 -1.254738144473694084e-01 -2.709062359839968168e-02 -7.111799852347705508e-02 1.916680058265721742e-01 1.309664681297975086e-01 -3.165357637317428585e-03 2.024487780621093691e-01 -1.941213444632685081e-01 -8.586197353177806024e-02 -1.554971061212017114e-01
-1.750868992552523096e-01 -3.251323359691584702e-01 3.755821440460185151e-02 1.725800462408408897e-01 -5.808138304747691161e-02 5.189007642831353767e-02 -1.534670729188115645e-01 1.646711844314675544e-01 -1.639133941631420732e-01 1.399376944140673894e-02 3.077066040450247009e-01 -4.374797729041009497e-01 2.449984813931738517e-02 1.638692309658553725e-01 -4.558101691651264553e-02 1.306602946178825851e-02 -2.481853510291130716e-02 2.240733343648994291e-01 8.422931556622426097e-02 2.215931217199337555e-01 -4.528051876230503037e-02 -7.359006663436912232e-02 -1.284358055612941189e-02 1.638341512730364935e-01 -3.425431060892765722e-01 1.337782538444051428e-01 -1.521341459524114433e-02 -3.118992696033159318e-01 1.333255952969496783e-01 -2.021167882176108377e-01
-7.015448268444374191e-02 -1.651983409627295063e-01 4.540830589325400152e-02 1.438969956484239254e-01 3.978331472082376474e-01 5.255495227580106454e-02 1.120947499115791841e-02 1.272975339418186413e-01 -1.860094260979865410e-01 1.548761697212643236e-02 -8.562186844014051113e-02 6.062248277278895481e-01 -5.695861777988410479e-02 2.366867880470764074e-01 -2.093405224688469346e-01 -5.547621414954114448e-03 -9.257802580630868083e-02 -1.195250704859155966e-01 1.340428309858901768e-01 -5.853399493558612138e-02 -9.631785372796942968e-02 -7.316027253206963676e-02 -2.632388510273080406e-01 1.493778398967487431e-01 1.590920877915166440e-02 1.113668828051817550e-01 -1.015443279450806563e-01 -2.769565619367665987e-01 6.320118811343242160e-02 -2.651387099231004851e-02
3.070733771765919440e-01 1.477858890990505492e-01 -1.392175591614386310e-01 -1.735777736727169840e-01 3.537815495265658056e-03 -1.896268904998779370e-01 -1.043603098140922780e-01 1.813543090449665218e-01 -2.867121989758212863e-01 -1.149611659722609980e-01 -2.756422201576552156e-01 -2.154061323841972020e-01 7.891319278531495895e-02 2.125770298700975502e-01 9.989967304920155389e-02 5.023984897245700699e-04 8.937558197669784321e-02 2.549373206292384619e-01 2.631869285939900105e-01 -1.894171221249523474e-01 1.319702070159140261e-01 -1.768801250647332735e-01 -2.605098278497978287e-02 3.457315374716706247e-01 2.750098349062374825e-01 -2.385473294245560576e-03 7.236212638390370627e-03 -1.344652038723520293e-01 -1.816784089465164342e-01 3.991232977659734532e-02
-3.779964801585503076e-02 9.878050852084827027e-02 1.058657985266915624e-01 -9.729991516796600293e-02 1.533504945656212481e-01 -1.871946721325592200e-01 3.344849613878440042e-01 1.561495281405579361e-01 3.187225647273196349e-01 -4.922218969479130735e-02 -2.433364821268963959e-02 8.705266031746317079e-03 -5.394935382439925570e-02 1.426939585298859711e-02 -9.525072668214032423e-02 -1.427503245977691515e-01 3.722816054688230514e-01 7.471042419623727393e-02 2.781363935216499966e-02 1.642138185879315204e-01 -3.129343108832638443e-01 1.764634465248391404e-01 1.817228445068544140e-01 1.363356119171927061e-01 -3.395296425959612452e-02 -3.363605516877609669e-01 1.149856189645638294e-01 -3.206573957788935170e-01 -1.637364794481883656e-01 -1.623015886274007391e-01
1.476229429036035601e-01 -1.461001396610182579e-01 6.246698644637207337e-02 8.603483213491018577e-02 -3.666522903630711205e-01 -2.237901743857913239e-01 2.603341135525081770e-02 5.720057921327029171e-02 -1.695087833128542110e-01 3.077413721723083057e-02 1.153108658960857735e-01 2.238350338795436489e-01 7.762226256536870761e-02 -7.942314552296617092e-03 -5.603380425720249081e-01 -1.970013537515658830e-01 7.316017688831291665e-03 2.507516550677982639e-02 -2.183982916741677993e-01 6.768853822031948827e-04 2.395975362065110581e-01 3.797686208207232128e-02 3.917143179680445120e-01 1.686584412475800598e-01 2.336463547718729133e-02 3.364205844202052681e-02 2.948299929758615295e-02 2.750208192030566268e-02 -4.537277008744024231e-02 1.032444338549307061e-01
-7.721914715221871173e-03 1.696734144109312836e-01 1.787895656747604534e-01 3.045705403232430372e-02 5.234268926622906437e-02 -1.208033389155151460e-01 1.498620093550986909e-01 7.790916095182597034e-02 -1.122894610823386013e-01 1.181658242392849278e-01 8.603351396493257031e-02 -1.538221879289599636e-01 -4.202823943355213920e-01 1.968682761422466676e-01 1.808770165701731047e-01 8.967923580616479415e-03 -9.875228759744608675e-02 -1.657933808018605681e-01 -4.684255383458723609e-01 -3.078913800466012707e-01 -7.573213635864405047e-02 7.145075917213707106e-02 1.269160731687792310e-01 1.693099857352690085e-01 1.795133109781927583e-01 2.228259919583927828e-01 -4.348803407336060411e-02 -2.698029959557323235e-02 1.474228449004178210e-01 -2.706798652298247343e-01
1.152985657924205376e-01 -1.515526687924135252e-01 -1.711361853499121510e-01 1.613086368802079187e-02 1.984511929842835143e-01 -1.926553011579768548e-01 1.095819172238436667e-02 -1.665046205435707916e-01 -5.932061684040389887e-02 2.152919867277271193e-02 -5.273582501657889804e-02 1.688163214123634404e-01 -2.860679604680050822e-02 3.154391104436347210e-02 3.208685325012007872e-01 2.908065561091977558e-01 -9.989973149824429854e-02 4.373615050886543211e-03 -1.107164201525485253e-02 -2.021963733038723010e-01 1.180136877921794669e-01 5.440526607359012258e-03 4.707517618944468407e-01 -5.281780667648178218e-02 -4.951562097462950951e-01 -4.266387592740723822e-02 1.077784722199086886e-01 -1.545542864082090351e-01 -1.701197584488295944e-01 6.666239974722391881e-02
-5.386382119883069419e-02 1.140152600975235797e-01 -6.768911564002002938e-03 1.427509558359154884e-01 -1.747842531882645711e-01 8.454838613346087051e-02 2.605172854868445520e-01 -3.136884136671440060e-01 -2.932040005350784462e-01 6.798785427976895834e-02 5.725891056380284783e-02 3.281069650845824803e-02 1.530283587569741255e-01 4.740830475615065431e-01 -1.057216338954758417e-01 2.861352175054893698e-01 8.445515246346510518e-02 1.744225612728595998e-01 -6.572593684022091931e-02 -2.068612449370350881e-02 -6.427991464407468297e-03 1.865953134816982217e-01 -2.137812150164116465e-01 -1.639053579921492532e-01 3.037765591591463313e-03 -2.144786293118161324e-01 1.815890532273813363e-01 1.123028597293702635e-01 -1.956231362848938060e-01 -2.096271785089317830e-01
2.068595849678727672e-01 3.220868419049864317e-01 -2.015487195222181727e-01 -1.478719914885358311e-01 1.368135760448871696e-01 4.466800435854267892e-02 1.592422940616209925e-01 -5.345035922047370464e-02 -2.237986314189975845e-01 1.260155429390167892e-01 7.649535411586703970e-02 -1.574285206907097279e-01 4.555678357245316473e-02 -5.438419779823424477e-02 -1.413230271897533696e-01 1.714909823029697189e-01 1.478422842340762766e-01 -3.039590736079507693e-01 -1.256797195287493452e-01 3.161217970390528542e-01 1.944253626772381727e-01 1.320386154490114372e-01 -6.784677148626186427e-02 -2.141489314020759288e-02 -1.352956934791247623e-01 2.892994412009450636e-02 -4.102015670597339847e-01 -2.718376162875923430e-01 7.758891764583651651e-02 1.828675181853219867e-01
-1.915374104924596199e-01 2.274208637473220385e-01 -1.168133155211085600e-01 1.724209674698698805e-02 -2.018470940149009740e-01 1.776955719872502434e-02 3.312868340575145926e-02 -7.149450987298699989e-02 3.977890902877589396e-01 -1.683492395717514079e-01 9.652016528067709766e-02 1.090438045577763748e-01 4.156577370925915865e-02 1.490029009719663622e-01 -4.729659170597321632e-02 -8.559824863536460993e-02 2.132661013619468193e-01 1.859293852347597142e-01 8.693481602561020649e-02 -3.706663425298756254e-01 2.545552050132477429e-01 -1.607193240724569218e-03 -5.486614848575462750e-02 -1.287623562139420530e-01 -1.311293226634074327e-01 3.580204081652562098e-01 -3.107773259194244742e-01 -2.174461568621667840e-01 -5.540525860278228826e-02 -8.603866002060175933e-02
-9.236788565910196425e-02 -1.916973041947238054e-01 -1.153397211381351900e-01 -8.713122747607802976e-02 1.094327605148945337e-01 1.783224190780366425e-01 5.024090262326603717e-01 -3.600455041277988294e-02 -3.290447635363145107e-01 -1.597789576655841426e-01 -5.489501604136853841e-02 -1.556046819968736061e-01 -4.991389798446005388e-02 -3.069591948192165742e-01 -1.316455536601016385e-01 -6.723221250065399002e-02 9.402243032598214811e-02 4.789882600980824301e-02 2.391585102860681322e-01 -2.030843686323333952e-01 -1.132447445569511602e-01 1.748481848866550448e-01 1.138450820692530480e-01 -1.343859372940212626e-01 6.371663455848444735e-02 3.771729925150740792e-01 1.522914162679148975e-01 2.481484918517063917e-02 2.223574015445850885e-02 4.619802725837398455e-02
-4.917051600392407379e-02 1.003450153193801569e-01 2.549319776452803610e-01 2.278445839243811166e-01 2.686603901766427271e-01 2.095408079402863721e-01 -6.956640528345936492e-02 -1.136935590638505911e-01 4.436625087422697150e-04 -7.801314237673090402e-02 8.929831261616973104e-02 -2.065990856825562216e-01 -2.442207749280818352e-01 -4.816109670242515323e-02 -1.067381436772110725e-01 -2.160560959767385547e-01 7.220846251063552101e-02 -2.047124542621762966e-02 -7.938969856167391037e-02 -1.891022192408640112e-01 2.923268344949502273e-01 6.800123535690803800e-02 -2.010311733590335603e-01 1.940758310102355666e-01 -1.879735689849518776e-01 -1.360307039869815271e-01 2.030275927231814659e-01 4.658052628758480376e-03 -3.272130683092066561e-01 3.767966539070113918e-01
-2.752180536027828972e-01 5.285418142775356876e-02 1.203979709824701816e-01 -1.601200279374211943e-01 -3.536786473874797831e-01 -2.206810942782678336e-02 -2.163918282623369591e-02 2.101914517228551521e-02 -5.630030744713443447e-02 2.100277514221878319e-02 6.736349514862653709e-02 -2.542428236928901894e-02 6.632642447799917684e-02 2.751440904736939252e-01 9.348259250903986906e-02 2.670679493189486581e-02 8.095640173905019332e-02 -5.458387554777508477e-01 3.411683655167962459e-01 -1.481570314797314991e-01 -1.964725594249185081e-01 6.714694344434850304e-02 8.189438699648680930e-02 1.938363581864213092e-01 -1.070797269533233648e-01 -2.009657319059775238e-02 8.411677860517288718e-02 7.090809831013443823e-03 7.191626725742573945e-02 3.195207016390926302e-01
1.286989256128368564e-01 2.517161372598535896e-01 5.085498528825108111e-02 -4.903343153924430431e-02 5.587822667373402996e-02 1.869932476968010071e-01 -7.785462023855181657e-02 2.035779739792306989e-02 -2.499624664087876924e-01 2.606930286227165938e-01 3.816031864191511691e-02 1.003546574285735515e-01 1.636658956076117721e-01 -8.681076432272724630e-02 1.506370594511982630e-02 -3.177846754351906222e-01 1.946023592427377213e-01 2.206038136206945888e-01 -7.126429050702758061e-03 -2.783346177723533543e-01 -3.077374682838246445e-01 -8.527829544718087962e-02 5.849695832801964784e-02 7.011084705628131686e-02 -3.854073533134011464e-01 -1.406926845843771701e-01 -1.951021500822483767e-01 2.532935595475937496e-01 2.089078197776426671e-01 -6.668572235899732081e-02
3.031258136343295551e-01 2.027704954238135349e-02 -3.887506986707325862e-02 8.400877242089783287e-03 -4.281659714465766570e-02 -1.077785238175604648e-01 5.419841868726574946e-02 -4.376077345554814646e-01 2.892794005504515861e-02 -1.406754751632181832e-01 -2.255205158107258592e-02 3.441624910905898699e-02 -1.404926071069931837e-01 3.108157510142171565e-01 1.410466120830271841e-01 -4.424400691892751980e-01 -2.387105028424300890e-02 6.943967884853768924e-02 -3.642580814809867618e-02 3.132237858540866116e-01 -2.243791343653189496e-01 -1.068490172386122039e-01 -3.303621895023250987e-02 -8.281843799266763728e-02 -6.393929154087424349e-02 2.825219448831700619e-01 1.387094615339009018e-01 -6.988032369921891307e-02 1.100939454379310650e-01 2.218806231150958763e-01
6.060766138392362223e-02 -4.056599506771711994e-01 -9.638229214425705904e-02 -2.925839036875482746e-01 1.148180044885608736e-01 8.761221867873586477e-02 2.291094265537773067e-01 1.324590293871056451e-03 2.716854821926505403e-01 3.058705214068729861e-01 -2.803774275678189154e-02 -1.927946852605348649e-01 7.042764170543090729e-02 3.044409915923735332e-01 -1.095831977886846942e-01 -7.653150347138529264e-02 -1.739002179951374405e-01 1.354428549256392056e-01 -1.043455922817485421e-01 -2.513928444821443842e-01 6.940543773801341465e-02 3.078040329598072736e-02 -5.173577181848135198e-02 -6.012499439747738539e-02 7.801530102266984734e-02 -2.286308536496795552e-01 -1.320598351314726249e-01 -3.013106946180433426e-02 2.129464830551211219e-01 2.930927458327379220e-01
6.723332070200056798e-02 -1.114708164263511075e-01 -3.202587733711553253e-01 9.007411652606064911e-02 -1.871684263707137919e-01 1.284245130189142492e-01 -2.594606131126817733e-02 -1.464383397609577697e-01 1.161083193024163018e-01 -1.020949232824333759e-02 4.173641442626452314e-02 7.827915278436406443e-02 -5.096812331560247600e-01 -8.956660592325070558e-02 -1.365615616185917036e-01 3.915771843372943817e-01 2.721098351254250813e-01 1.595875290794198098e-01 2.141044174571445774e-03 -7.769812182642702250e-03 -2.280898145445957315e-01 -1.434801925047732296e-01 -4.813476737613345269e-02 3.183171905245582578e-01 1.206732416342433389e-02 -5.741016467498458176e-02 -8.004697962614588935e-02 1.249374229917312312e-01 9.544783107171575520e-02 1.646174417514371935e-01
2.914487674570718778e-01 3.283031146523113925e-02 -8.939456092803234333e-02 -2.839190696128550684e-01 6.342601610461867656e-02 2.777862798535118971e-02 -1.316084945327966604e-01 4.356617885901986065e-01 9.547368092158171893e-02 2.630964726350094526e-02 1.085207297067382892e-01 -2.255270381719709505e-02 -2.658268039114279890e-01 2.390630960147714923e-01 -2.495838109803791560e-01 5.342030344308264234e-02 3.452646448782138722e-02 -1.151781557339237871e-01 8.145877455081665386e-02 2.452122972041091697e-02 -3.641184034036472339e-02 1.607145069975965748e-02 -7.888511134181658280e-02 -3.140383769651007850e-01 -2.504758453121257999e-01 1.897341581308976399e-01 2.081929111439558833e-01 2.699638051369853131e-01 -2.122689736791443238e-01 -1.013220551159327160e-01
3.284417693795989579e-01 -1.864871425161762075e-01 4.613160449403236885e-01 -1.473326788244999075e-01 -6.526666904145934922e-02 -9.757818100456998323e-03 -3.886671936016115880e-02 -2.147265041713923572e-01 -4.482275489935351465e-02 -1.661663642824181830e-01 1.158640023589942170e-02 3.065622639281157663e-02 -2.338464962713375228e-01 -5.267498870118211829e-02 5.464139485522039041e-03 5.866537512677642840e-02 1.936421690792560213e-01 -7.155983315669244005e-02 2.962321809031273068e-01 -7.848311480525708983e-02 2.914262700500654946e-01 6.461950510971255224e-02 -4.068908750731958790e-02 -1.223583712432447096e-01 -2.714396784837345977e-02 -2.046523274140633619e-01 -6.801075107023581146e-02 -6.172080421301928688e-02 3.447702415137908760e-01 -2.589348260958025394e-01
9.208071230116426920e-02 -1.065589447790348532e-01 -2.591979626011441384e-01 5.157414930692951760e-01 -4.955700343111586748e-02 -5.880604215599671142e-02 -5.665435705088640167e-02 1.445305808989274243e-01 -6.463181391221664573e-02 3.083657819233211472e-01 -7.413409040768807745e-03 -7.756916362503066265e-02 -8.147064621748817403e-02 1.732601994076003737e-02 1.121154988449745427e-01 -1.942389160006690596e-01 3.600051399902460258e-01 -2.183567985852549187e-01 9.218118949576997734e-02 -1.245365236373994489e-01 5.611647250801639342e-02 -1.235771907263555069e-01 3.523196268590627483e-02 -3.810191088111570257e-01 1.955148529150932402e-01 -1.322810932963613961e-01 8.106665923011018016e-02 -1.516889673295524765e-01 5.074203884353719468e-02 1.994647952176051287e-02
2.981661901868267184e-01 -5.219444086105511083e-02 1.138726102630869957e-01 3.894899255032615026e-01 -1.888899076314312087e-01 2.400106750015268062e-02 2.990399863636682976e-01 2.158393863276332481e-01 5.145626766857366863e-02 -1.951208508090296612e-01 -5.530130402929796588e-04 -5.296895708265466490e-02 -6.537656795183544034e-02 2.564848859458317837e-02 1.132143657900035322e-01 -2.444264772068243524e-02 -3.450944977859411456e-01 -2.372865557402829839e-02 1.807312535779711515e-01 -7.066017934203269388e-03 -1.703830889052154463e-01 1.226699519535706384e-01 -1.479435112910492192e-02 -1.335104498451189677e-02 -8.490633191612638464e-02 -1.115584891206602980e-01 -4.683229130546540109e-01 1.207653071462417987e-01 -2.345184743761724588e-01 6.447620250660134056e-02
1.275174166322877167e-01 1.514121228595154411e-01 2.009111595986182164e-01 -7.321053456616392896e-02 -2.402842136771125847e-01 7.540381432498260983e-02 -1.321736679223782240e-01 -9.484249008755106514e-02 2.264426351744114677e-02 5.347359584013237077e-01 -1.894263749912028505e-02 5.149681940775528016e-02 -1.488377208832344367e-01 -2.238759666031834294e-01 -5.428457109931145164e-02 8.102774759404271498e-02 -2.639099076391629439e-01 1.898144700930812778e-01 1.860397118157579854e-01 -5.128496399747659029e-02 -1.642931649392685434e-01 1.819297481485084023e-01 -5.093555767023599107e-02 -8.897961573914225930e-02 6.973658399797369456e-02 1.315465398855529822e-01 1.098313694650828176e-01 -4.103205021042235501e-01 -1.822466334274371602e-01 6.797917806835741816e-02
1.414042249872012090e-03 3.626446763358754377e-01 6.505796980529360285e-02 8.080582112743681100e-02 -7.526429837038144111e-02 2.512671693545873164e-02 2.891474591504482050e-01 1.552070253372539732e-01 2.454402290380220536e-02 -1.636718361149676615e-01 2.706976090892479481e-02 -2.693436915372680873e-02 -1.661254514904265955e-02 -4.741009608377216161e-02 -1.641439446027024018e-01 1.503039107666572505e-01 -2.674939860440670447e-01 5.014534218258773213e-02 6.684190033468512260e-03 -7.179670225370785031e-02 2.191317340380740178e-02 -5.412213694559506738e-01 1.339139062327024399e-02 -1.599388746189180088e-01 -1.043098228217909235e-01 -1.660390559054446546e-01 2.798464753835245289e-01 -1.859962269667794765e-01 3.140049046592073290e-01 1.201710290973304063e-01
4.557396396010967438e-02 -7.026086850106176562e-02 3.002661800995234387e-01 7.186494891708382349e-03 2.729468978830646916e-02 1.405945407579472888e-02 -2.727485823388410280e-01 1.452469772856423147e-01 -1.159440050429660224e-01 -3.110745310505277361e-01 -1.487422933960178689e-02 -1.460722970047149093e-02 1.337693261065822925e-01 5.315262172596480622e-02 -8.075512001477252316e-03 2.555591720727028449e-01 2.301160122441851252e-01 1.596930973485276295e-01 -3.072954044691678099e-01 -1.160995389795645982e-01 -3.124652421178900630e-01 1.056952243655267798e-01 6.578313154706021126e-02 -3.335275966475746423e-01 1.187641421833232347e-01 4.944616543867381281e-02 -9.764168706699712097e-02 -1.663258308799604179e-01 2.767373401904977409e-02 3.799354537278230581e-01
4.357646330750092854e-03 -2.047256927687298445e-01 3.642581941255176869e-01 -1.102543500477629057e-01 -1.092181445475517987e-02 -1.771409682540976693e-03 2.424267568659173311e-01 -8.151738600964449077e-02 1.202420120548225099e-02 2.469069580102293826e-01 2.620437387354322689e-02 -1.035649522395827929e-02 1.014850077735848372e-01 -3.982655292336540614e-02 7.630836087301103021e-02 1.064122981975932081e-01 2.474501176137653968e-01 -8.551007271947824728e-02 -7.032642603356734079e-02 7.870635806334322360e-02 -8.334555008703937312e-03 -6.012656731649180797e-01 -2.670654852215031960e-02 -7.248512443851190534e-03 9.713558842284392147e-03 1.957887028069818514e-01 -1.581451773092339419e-01 7.774317688886613065e-02 -3.810288431973518630e-01 -7.246843195725383158e-03
